
29 12 362 712 1062 1412 1762 2112 2462 2812 3162 3512 3862 4212 4562 4912 5262 5612 5962 6312 6662 7012 7362 7712 8062 8412 8762 9112 9462 9812
29 13 363 713 1063 1413 1763 2113 2463 2813 3163 3513 3863 4213 4563 4913 5263 5613 5963 6313 6663 7013 7363 7713 8063 8413 8763 9113 9463 9813
29 14 364 714 1064 1414 1764 2114 2464 2814 3164 3514 3864 4214 4564 4914 5264 5614 5964 6314 6664 7014 7364 7714 8064 8414 8764 9114 9464 9814
29 15 365 715 1065 1415 1765 2115 2465 2815 3165 3515 3865 4215 4565 4915 5265 5615 5965 6315 6665 7015 7365 7715 8065 8415 8765 9115 9465 9815
29 16 366 716 1066 1416 1766 2116 2466 2816 3166 3516 3866 4216 4566 4916 5266 5616 5966 6316 6666 7016 7366 7716 8066 8416 8766 9116 9466 9816
29 17 367 717 1067 1417 1767 2117 2467 2817 3167 3517 3867 4217 4567 4917 5267 5617 5967 6317 6667 7017 7367 7717 8067 8417 8767 9117 9467 9817
29 18 368 718 1068 1418 1768 2118 2468 2818 3168 3518 3868 4218 4568 4918 5268 5618 5968 6318 6668 7018 7368 7718 8068 8418 8768 9118 9468 9818
29 19 369 719 1069 1419 1769 2119 2469 2819 3169 3519 3869 4219 4569 4919 5269 5619 5969 6319 6669 7019 7369 7719 8069 8419 8769 9119 9469 9819
29 20 370 720 1070 1420 1770 2120 2470 2820 3170 3520 3870 4220 4570 4920 5270 5620 5970 6320 6670 7020 7370 7720 8070 8420 8770 9120 9470 9820
29 21 371 721 1071 1421 1771 2121 2471 2821 3171 3521 3871 4221 4571 4921 5271 5621 5971 6321 6671 7021 7371 7721 8071 8421 8771 9121 9471 9821
29 22 372 722 1072 1422 1772 2122 2472 2822 3172 3522 3872 4222 4572 4922 5272 5622 5972 6322 6672 7022 7372 7722 8072 8422 8772 9122 9472 9822
29 23 373 723 1073 1423 1773 2123 2473 2823 3173 3523 3873 4223 4573 4923 5273 5623 5973 6323 6673 7023 7373 7723 8073 8423 8773 9123 9473 9823
29 24 374 724 1074 1424 1774 2124 2474 2824 3174 3524 3874 4224 4574 4924 5274 5624 5974 6324 6674 7024 7374 7724 8074 8424 8774 9124 9474 9824
29 25 375 725 1075 1425 1775 2125 2475 2825 3175 3525 3875 4225 4575 4925 5275 5625 5975 6325 6675 7025 7375 7725 8075 8425 8775 9125 9475 9825
29 26 376 726 1076 1426 1776 2126 2476 2826 3176 3526 3876 4226 4576 4926 5276 5626 5976 6326 6676 7026 7376 7726 8076 8426 8776 9126 9476 9826
29 27 377 727 1077 1427 1777 2127 2477 2827 3177 3527 3877 4227 4577 4927 5277 5627 5977 6327 6677 7027 7377 7727 8077 8427 8777 9127 9477 9827
29 28 378 728 1078 1428 1778 2128 2478 2828 3178 3528 3878 4228 4578 4928 5278 5628 5978 6328 6678 7028 7378 7728 8078 8428 8778 9128 9478 9828
29 29 379 729 1079 1429 1779 2129 2479 2829 3179 3529 3879 4229 4579 4929 5279 5629 5979 6329 6679 7029 7379 7729 8079 8429 8779 9129 9479 9829
29 30 380 730 1080 1430 1780 2130 2480 2830 3180 3530 3880 4230 4580 4930 5280 5630 5980 6330 6680 7030 7380 7730 8080 8430 8780 9130 9480 9830
29 31 381 731 1081 1431 1781 2131 2481 2831 3181 3531 3881 4231 4581 4931 5281 5631 5981 6331 6681 7031 7381 7731 8081 8431 8781 9131 9481 9831
29 32 382 732 1082 1432 1782 2132 2482 2832 3182 3532 3882 4232 4582 4932 5282 5632 5982 6332 6682 7032 7382 7732 8082 8432 8782 9132 9482 9832
29 33 383 733 1083 1433 1783 2133 2483 2833 3183 3533 3883 4233 4583 4933 5283 5633 5983 6333 6683 7033 7383 7733 8083 8433 8783 9133 9483 9833
29 34 384 734 1084 1434 1784 2134 2484 2834 3184 3534 3884 4234 4584 4934 5284 5634 5984 6334 6684 7034 7384 7734 8084 8434 8784 9134 9484 9834
29 35 385 735 1085 1435 1785 2135 2485 2835 3185 3535 3885 4235 4585 4935 5285 5635 5985 6335 6685 7035 7385 7735 8085 8435 8785 9135 9485 9835
29 36 386 736 1086 1436 1786 2136 2486 2836 3186 3536 3886 4236 4586 4936 5286 5636 5986 6336 6686 7036 7386 7736 8086 8436 8786 9136 9486 9836
29 37 387 737 1087 1437 1787 2137 2487 2837 3187 3537 3887 4237 4587 4937 5287 5637 5987 6337 6687 7037 7387 7737 8087 8437 8787 9137 9487 9837
29 38 388 738 1088 1438 1788 2138 2488 2838 3188 3538 3888 4238 4588 4938 5288 5638 5988 6338 6688 7038 7388 7738 8088 8438 8788 9138 9488 9838
29 39 389 739 1089 1439 1789 2139 2489 2839 3189 3539 3889 4239 4589 4939 5289 5639 5989 6339 6689 7039 7389 7739 8089 8439 8789 9139 9489 9839
29 40 390 740 1090 1440 1790 2140 2490 2840 3190 3540 3890 4240 4590 4940 5290 5640 5990 6340 6690 7040 7390 7740 8090 8440 8790 9140 9490 9840
29 41 391 741 1091 1441 1791 2141 2491 2841 3191 3541 3891 4241 4591 4941 5291 5641 5991 6341 6691 7041 7391 7741 8091 8441 8791 9141 9491 9841
29 42 392 742 1092 1442 1792 2142 2492 2842 3192 3542 3892 4242 4592 4942 5292 5642 5992 6342 6692 7042 7392 7742 8092 8442 8792 9142 9492 9842
29 43 393 743 1093 1443 1793 2143 2493 2843 3193 3543 3893 4243 4593 4943 5293 5643 5993 6343 6693 7043 7393 7743 8093 8443 8793 9143 9493 9843
29 44 394 744 1094 1444 1794 2144 2494 2844 3194 3544 3894 4244 4594 4944 5294 5644 5994 6344 6694 7044 7394 7744 8094 8444 8794 9144 9494 9844
29 45 395 745 1095 1445 1795 2145 2495 2845 3195 3545 3895 4245 4595 4945 5295 5645 5995 6345 6695 7045 7395 7745 8095 8445 8795 9145 9495 9845
29 46 396 746 1096 1446 1796 2146 2496 2846 3196 3546 3896 4246 4596 4946 5296 5646 5996 6346 6696 7046 7396 7746 8096 8446 8796 9146 9496 9846
29 47 397 747 1097 1447 1797 2147 2497 2847 3197 3547 3897 4247 4597 4947 5297 5647 5997 6347 6697 7047 7397 7747 8097 8447 8797 9147 9497 9847
29 48 398 748 1098 1448 1798 2148 2498 2848 3198 3548 3898 4248 4598 4948 5298 5648 5998 6348 6698 7048 7398 7748 8098 8448 8798 9148 9498 9848
29 49 399 749 1099 1449 1799 2149 2499 2849 3199 3549 3899 4249 4599 4949 5299 5649 5999 6349 6699 7049 7399 7749 8099 8449 8799 9149 9499 9849
29 50 400 750 1100 1450 1800 2150 2500 2850 3200 3550 3900 4250 4600 4950 5300 5650 6000 6350 6700 7050 7400 7750 8100 8450 8800 9150 9500 9850
29 51 401 751 1101 1451 1801 2151 2501 2851 3201 3551 3901 4251 4601 4951 5301 5651 6001 6351 6701 7051 7401 7751 8101 8451 8801 9151 9501 9851
29 52 402 752 1102 1452 1802 2152 2502 2852 3202 3552 3902 4252 4602 4952 5302 5652 6002 6352 6702 7052 7402 7752 8102 8452 8802 9152 9502 9852
29 53 403 753 1103 1453 1803 2153 2503 2853 3203 3553 3903 4253 4603 4953 5303 5653 6003 6353 6703 7053 7403 7753 8103 8453 8803 9153 9503 9853
29 54 404 754 1104 1454 1804 2154 2504 2854 3204 3554 3904 4254 4604 4954 5304 5654 6004 6354 6704 7054 7404 7754 8104 8454 8804 9154 9504 9854
29 55 405 755 1105 1455 1805 2155 2505 2855 3205 3555 3905 4255 4605 4955 5305 5655 6005 6355 6705 7055 7405 7755 8105 8455 8805 9155 9505 9855
29 56 406 756 1106 1456 1806 2156 2506 2856 3206 3556 3906 4256 4606 4956 5306 5656 6006 6356 6706 7056 7406 7756 8106 8456 8806 9156 9506 9856
29 57 407 757 1107 1457 1807 2157 2507 2857 3207 3557 3907 4257 4607 4957 5307 5657 6007 6357 6707 7057 7407 7757 8107 8457 8807 9157 9507 9857
29 58 408 758 1108 1458 1808 2158 2508 2858 3208 3558 3908 4258 4608 4958 5308 5658 6008 6358 6708 7058 7408 7758 8108 8458 8808 9158 9508 9858
29 59 409 759 1109 1459 1809 2159 2509 2859 3209 3559 3909 4259 4609 4959 5309 5659 6009 6359 6709 7059 7409 7759 8109 8459 8809 9159 9509 9859
29 60 410 760 1110 1460 1810 2160 2510 2860 3210 3560 3910 4260 4610 4960 5310 5660 6010 6360 6710 7060 7410 7760 8110 8460 8810 9160 9510 9860
29 61 411 761 1111 1461 1811 2161 2511 2861 3211 3561 3911 4261 4611 4961 5311 5661 6011 6361 6711 7061 7411 7761 8111 8461 8811 9161 9511 9861
29 62 412 762 1112 1462 1812 2162 2512 2862 3212 3562 3912 4262 4612 4962 5312 5662 6012 6362 6712 7062 7412 7762 8112 8462 8812 9162 9512 9862
29 63 413 763 1113 1463 1813 2163 2513 2863 3213 3563 3913 4263 4613 4963 5313 5663 6013 6363 6713 7063 7413 7763 8113 8463 8813 9163 9513 9863
29 64 414 764 1114 1464 1814 2164 2514 2864 3214 3564 3914 4264 4614 4964 5314 5664 6014 6364 6714 7064 7414 7764 8114 8464 8814 9164 9514 9864
29 65 415 765 1115 1465 1815 2165 2515 2865 3215 3565 3915 4265 4615 4965 5315 5665 6015 6365 6715 7065 7415 7765 8115 8465 8815 9165 9515 9865
29 66 416 766 1116 1466 1816 2166 2516 2866 3216 3566 3916 4266 4616 4966 5316 5666 6016 6366 6716 7066 7416 7766 8116 8466 8816 9166 9516 9866
29 67 417 767 1117 1467 1817 2167 2517 2867 3217 3567 3917 4267 4617 4967 5317 5667 6017 6367 6717 7067 7417 7767 8117 8467 8817 9167 9517 9867
29 68 418 768 1118 1468 1818 2168 2518 2868 3218 3568 3918 4268 4618 4968 5318 5668 6018 6368 6718 7068 7418 7768 8118 8468 8818 9168 9518 9868
29 69 419 769 1119 1469 1819 2169 2519 2869 3219 3569 3919 4269 4619 4969 5319 5669 6019 6369 6719 7069 7419 7769 8119 8469 8819 9169 9519 9869
29 70 420 770 1120 1470 1820 2170 2520 2870 3220 3570 3920 4270 4620 4970 5320 5670 6020 6370 6720 7070 7420 7770 8120 8470 8820 9170 9520 9870
29 71 421 771 1121 1471 1821 2171 2521 2871 3221 3571 3921 4271 4621 4971 5321 5671 6021 6371 6721 7071 7421 7771 8121 8471 8821 9171 9521 9871
