28 59 104 439 885 939 1576 2022 2662 3181 3270 3746 4526 4916 6545 6947 7517 7750 7878 8163 8346 8521 8631 8737 8762 8961 9086 9122 9194
28 535 1847 1897 2197 2394 2666 2714 2724 3950 4205 5095 5805 5833 5941 6064 6220 6441 6620 6669 6781 7103 7371 7444 7583 7912 9105 9788 9894
16 46 509 754 1316 2584 2818 4296 5126 5235 5852 5993 6790 6994 7182 7582 9615
14 250 533 785 931 1552 2613 2621 3021 4481 4988 5388 5838 6509 9142
22 31 920 1553 1870 2232 2441 4067 4619 4876 5433 5711 5869 7100 7133 7499 7748 7818 8343 8366 8464 8723 9720
24 162 799 1312 1906 2576 2969 3584 3714 4207 4308 4406 5600 5995 6366 7034 7306 7390 7734 7839 7869 8320 9012 9081 9393
23 336 438 507 1046 1835 2067 2472 3379 3539 3671 3677 4019 5180 6053 6113 7324 7600 8187 8770 8911 9367 9648 9896
27 97 454 553 855 1592 1689 2848 3055 3257 3381 3630 3766 4097 4316 4905 5065 6261 6420 6637 6727 6878 7438 7598 7651 8098 9614 9702
25 957 1237 1332 1525 2403 2516 3576 3860 4218 4881 4959 5353 5584 5628 5966 6706 7369 8374 8714 8974 9091 9156 9601 9619 9707
23 467 524 732 909 990 1007 1151 1201 2381 3729 4760 5017 5566 6813 7820 8359 8396 8485 8838 8980 9330 9505 9531
28 314 532 554 734 806 1513 1926 1990 3362 3497 3578 3611 4388 4503 4780 4809 4837 5231 5391 7012 8097 8451 8978 9274 9473 9798 9877 9981
37 475 888 1057 1110 1117 1367 1628 2050 2077 2089 2248 2368 2765 2950 2989 3106 3136 3174 3558 3776 3893 4321 4639 5213 6033 6369 6417 6964 7122 7187 7404 8046 8354 9138 9517 9816 9857
31 255 987 1960 2084 2455 2460 2552 2729 3773 3846 3952 4429 4741 5117 5436 5643 5826 6056 6691 7546 7795 7965 8234 8364 8787 8851 8976 9392 9582 9596 9873
34 80 99 534 565 1152 1165 1373 2263 2512 3200 3305 3582 3748 3783 4298 4471 4672 4706 5473 5681 5787 6624 6690 6866 7240 7323 7523 8001 8036 8459 8653 8740 9656 9982
26 53 275 363 567 599 1223 1317 1388 1607 1708 1859 2210 3061 3587 4162 4275 4373 4786 5336 5426 6421 6476 6548 6643 7803 9948
24 672 1074 1136 1613 1624 2401 2459 3054 3277 3691 3707 4359 4555 5013 5429 5828 6527 7252 7792 8437 8548 8830 8865 9696
22 2097 2144 2240 2243 3002 3525 3858 4101 4185 5403 5469 5515 6066 6375 6876 6991 7178 8185 8362 8462 8492 8573
26 328 768 824 1260 1582 1694 2100 2112 3089 4806 5085 5115 5456 5494 5533 5580 5942 6136 6201 7066 7123 7175 8030 8073 9023 9518
33 413 837 867 1039 1105 1230 1300 2031 2443 2536 2682 3178 3280 3469 3617 3716 4061 4728 4812 4858 5412 5440 5636 6860 6891 7493 7617 7896 8066 8450 8818 9569 9923
24 81 669 1044 1056 2717 3452 3772 3794 4338 5088 5358 5670 6284 7159 7963 8130 8176 8892 8948 9070 9269 9484 9581 9722
23 310 500 1779 3029 3204 3461 3621 3864 3956 4045 4464 5337 5554 6046 6226 6656 6776 7211 7664 7798 8241 8719 9521
23 11 25 324 415 1090 2614 2680 3076 5485 5907 6361 7339 7442 7810 8402 8579 8633 8665 8879 9030 9277 9400 9914
32 126 130 144 367 652 1070 1498 1873 2534 2670 2862 2993 3470 3508 4165 4421 4565 5169 5302 5928 6004 6315 6685 6864 7432 7584 7787 8022 8529 8542 9009 9075
22 2275 3032 3208 3316 3387 3568 4610 4755 5058 5283 5322 5431 5446 6332 6482 7987 8470 8614 8657 8756 8917 9544
26 118 380 1604 2626 2778 3161 3563 4434 5413 5434 5926 6095 6186 7027 7114 7132 7606 8759 8852 8921 9090 9196 9363 9672 9765 9839
21 897 1450 1678 1872 1981 2279 2355 2383 5207 5335 5350 5517 6355 6380 6550 7047 7241 7396 7779 8043 9848
21 368 635 1294 2103 2201 3313 3350 3416 3498 3909 4372 4420 4582 5248 5254 6919 7037 7695 7999 9617 9855
30 1100 1204 1288 2781 2797 2939 3440 3553 3787 3895 4242 4480 4508 5272 5730 6061 6628 7121 7230 7508 7542 8054 8135 8876 8909 9039 9114 9188 9831 9842
38 261 543 590 606 750 905 2087 2440 3406 3491 3736 4032 4575 4785 4998 5190 5472 6050 6391 6439 6447 6645 6757 6950 7220 7235 7279 7626 8049 8224 8383 8507 8667 9236 9273 9404 9736 9757
29 77 593 620 948 1656 1700 1863 2027 2581 2773 3507 4026 4106 4562 4749 4850 4904 6003 7280 7294 7303 7479 8111 8137 8236 8661 9210 9326 9762
23 8 221 1012 1235 1359 1740 1905 1978 2152 2208 2649 3622 4196 5018 5357 5491 6339 7638 7678 8535 8568 8691 9232
34 223 251 562 1322 1459 1591 1839 2528 2854 2983 3070 3260 3657 3667 3737 4478 4678 4818 5127 5320 5540 5889 6780 6928 7188 7513 7639 7968 8295 8387 9376 9493 9507 9813
28 248 969 1338 1535 1724 2172 2740 2815 2943 3283 3496 3930 4781 4873 5166 5216 6192 6662 6739 7717 7773 8101 8347 8371 8884 8975 9195 9641
26 455 1026 1565 1579 1925 2547 3322 3474 3863 3996 4350 4396 4757 5191 5206 5699 5731 5745 6063 6871 6934 7186 7210 7521 8474 9206
25 203 676 745 1159 1430 1455 1568 1776 2688 2944 3008 3195 3453 3812 3911 4801 5097 5422 5471 5606 7947 8420 8773 9488 9932
28 38 231 235 1837 1904 2266 2301 3252 3306 4528 4537 5064 5437 5827 5874 6203 6214 6320 6530 6954 7065 7144 7687 7804 8936 8954 9185 9944
29 214 401 479 491 1663 1682 1817 2202 2601 2832 3355 3488 3580 3644 3698 4079 4083 4702 5949 5979 6225 6661 6999 7091 8070 9007 9440 9540 9937
32 0 32 303 735 1010 1034 1408 1706 1791 2412 2856 3113 3760 4325 4440 4633 4732 5466 6206 6239 6427 6528 6775 7413 8029 8196 8245 8440 8592 9270 9298 9908
24 51 172 268 340 802 1810 2551 2683 2794 3331 3762 3879 5123 5172 6428 6606 6641 7291 7620 8178 8853 9059 9441 9973
23 760 917 1922 2772 2791 4125 4278 4474 4519 5800 5989 6789 6969 7502 8270 8866 8977 9207 9377 9432 9726 9763 9876
25 260 1263 1574 1875 1920 2335 2674 2802 2888 4301 4823 5271 5812 6043 6726 7001 8064 8110 8395 8516 8624 8736 9197 9215 9866
31 451 790 1094 1149 1171 1488 1519 1530 2141 2269 2324 2992 4399 4600 5102 5373 5815 6027 6038 6088 6148 7216 7885 7928 8039 8096 8356 8536 9318 9552 9836
22 1567 2342 2604 2789 2959 3615 4432 4845 5673 5763 5959 6013 6322 7079 7789 7824 7939 8122 9492 9579 9609 9871
22 10 483 631 707 1065 1452 1969 2790 3439 4497 4734 4754 4946 5419 5714 5773 7158 7400 8094 8775 9229 9856
16 238 833 2160 2295 2491 3263 3715 3728 3980 4532 4934 5722 7152 7608 8247 8515
24 283 312 1158 1386 1507 2186 2372 2635 3037 3038 4383 4634 5007 5516 6175 6736 6828 7045 7180 9227 9666 9826 9926 9975
21 47 1690 1848 2507 2774 2985 2991 3596 3815 3962 4906 6635 7090 7394 7914 8091 8212 8215 9150 9688 9858
21 391 394 592 706 1698 2139 2220 2522 2579 2600 2945 3009 3968 4553 5050 5998 6163 7538 7801 8267 9166
23 86 1085 1267 1451 1578 2641 3386 5137 5257 5332 5458 5692 6255 6808 7183 7316 8340 8527 8538 8820 8923 9568 9680
27 116 165 213 362 667 839 1027 1320 1478 1739 1804 2008 2131 2651 2681 2758 3460 4284 4433 5379 5746 6627 7010 8317 8327 8452 9183
19 317 495 664 1265 1501 2059 2346 2417 2479 3475 3991 4455 5318 6694 7168 8220 8541 9124 9884
30 329 926 1449 1829 2377 2834 3138 3185 3495 3636 3637 3834 4415 4444 4655 4886 5686 5863 6263 6510 7077 7567 7657 7667 8147 8409 9032 9454 9660 9983
23 764 1042 1496 1888 1975 2300 2937 3126 3516 3520 3745 3922 3948 3979 5599 5886 6372 6412 6840 7234 7634 9108 9512
30 306 752 1221 1233 1245 1692 1900 2052 3319 3449 3822 4240 4319 4333 4947 4962 5298 5581 5667 5752 6479 6802 7127 7214 8603 8761 8821 9406 9480 9730
28 558 574 789 1516 1728 1781 1858 2437 2712 3593 4049 4146 4790 5222 5410 6086 6132 6207 6317 6973 7352 7576 7722 8739 9154 9159 9353 9395
27 178 265 331 1964 2327 2928 3042 3410 3660 4892 4917 5037 5224 5381 5455 5762 5887 5952 6569 6649 7005 7593 8348 8792 8903 9439 9514
22 748 976 1545 1843 2024 2126 2559 2804 2857 3243 3631 4047 4364 4645 5111 6031 6534 6655 6886 8309 8991 9934
30 123 1169 1246 1329 1655 1840 2416 3443 3445 3481 3586 4341 4615 4691 5608 5635 5822 5851 5901 6301 6848 7269 7533 7948 7966 8649 8682 9002 9957 9999
23 585 736 774 1429 1512 1880 3092 3917 4282 4570 4893 5425 6302 6413 7761 7841 7931 8076 8201 8670 8741 8824 9467
18 1297 1495 1631 1944 2314 2780 3310 3903 4994 5476 5911 6065 6443 8206 9178 9538 9845 9956
21 779 998 1636 1721 1782 1783 2076 2337 2700 3861 4214 4394 6608 6893 7492 8059 8767 8893 9094 9644 9945
26 700 993 1402 2252 2868 2878 3013 3083 3254 3296 4487 5059 5061 5644 5671 5969 6178 6246 6275 6290 6815 7105 7944 8403 9019 9697
25 226 547 809 1014 1073 1387 2350 2518 2747 3545 3690 3790 4080 4124 5321 6323 6384 6901 7092 7140 7456 7669 7872 9262 9991
35 114 148 257 447 733 756 2086 2513 3555 3647 3857 3889 4034 4539 4550 5087 5149 5359 5897 6363 6450 6499 6664 6816 7265 7778 7982 8192 8393 8466 8689 9098 9117 9971 9972
21 106 449 1109 2125 2142 2450 3473 3701 4912 5242 5274 5784 6613 6707 6889 6984 7616 8020 9144 9158 9451
28 587 986 1902 2299 3377 3534 4422 4534 4649 4925 5181 5528 5841 6267 6333 6703 6786 6897 8013 8108 8260 8881 9042 9161 9556 9727 9961 9998
25 433 1033 1146 1815 2280 3030 3189 3329 3370 3722 3767 3807 4890 4977 5019 5571 5873 6297 6360 6762 7233 7647 8305 8922 9193
23 520 1166 1505 1766 2970 3205 3214 3333 3763 4225 4899 4939 5452 6512 6732 6839 7645 8278 8869 9296 9339 9717 9778
31 2 503 684 971 994 1193 1319 1356 1393 1768 1942 2021 2636 3048 3176 3638 4103 4591 5250 5383 5688 5939 6243 6585 7156 7160 7379 7605 8458 9022 9288
14 424 869 1548 1594 3414 3778 5854 6129 6442 7613 7671 8686 8693 8694
19 168 796 1474 3989 4182 4411 5024 5777 6832 7181 7276 7515 7699 7969 8985 9111 9251 9324 9375
23 277 981 1438 1487 1703 1849 2101 3245 3320 4129 4175 4716 4854 5547 6256 6677 6949 7176 8683 9037 9223 9534 9918
23 185 538 894 1163 1251 1999 2195 3356 3666 3789 3954 3988 4297 4430 4902 6578 6653 7354 7412 7886 8639 9200 9483
29 27 286 330 398 487 1242 2293 2338 2826 3462 4775 5451 5573 6513 6753 7666 7821 8300 8518 8564 8831 9186 9209 9267 9278 9391 9576 9589 9635
28 211 421 561 1103 1441 1749 1887 2045 2074 2155 2288 2930 3264 3735 3830 4000 4261 4864 5032 5108 5655 5806 7148 7401 8471 8907 9337 9667
26 301 737 851 1261 1324 3108 3269 3487 3758 3803 4839 4860 4971 5044 5143 5368 5735 6156 6335 6460 6552 6675 7217 7417 9328 9642
31 96 122 370 404 477 818 864 1752 1812 2422 2463 2511 2998 3102 3835 3945 4677 5020 5527 5611 5781 6359 6364 6438 7574 8358 9217 9233 9260 9497 9970
42 30 683 842 1310 2065 2430 2588 2632 2654 2752 3058 3193 3206 3994 4209 4211 4317 4747 4793 4808 4897 5167 5214 5324 5550 5647 5694 5707 6362 6516 6747 7409 7501 8408 8606 8733 9052 9426 9731 9758 9835 9863
32 389 436 614 929 1037 1276 1368 1704 1757 2289 2478 2532 3244 3340 3468 4376 4932 5234 5734 6293 6390 7062 7597 7881 8174 8233 8344 9297 9366 9647 9769 9777
23 21 403 698 1350 1546 1642 1747 2148 2237 3199 3479 4335 4379 4805 5890 6145 6222 6236 7139 7591 7936 8784 9513
21 804 1139 2030 4075 4114 4140 4936 5041 5243 6708 7342 7422 7462 7536 7829 7837 8418 8453 8534 8983 9048
18 890 1119 1326 2567 2713 3011 3499 4894 5280 5536 5970 6614 7015 7796 8622 8776 9204 9242
35 66 1282 1435 1463 1464 1764 2034 2109 2320 2360 2495 3345 4189 4390 4438 4492 5141 5430 5537 5669 6164 6345 6748 6795 7113 7314 7539 7940 8042 8355 8412 8887 8989 9163 9479
24 204 357 641 1306 1363 1654 1794 2411 2805 3137 3158 5138 5340 5463 6319 6526 7053 7308 7514 7729 7861 8351 9675 9962
33 256 680 807 913 1243 1598 2015 2369 2524 3221 3372 3655 4073 4107 4157 4249 4456 5124 5323 5880 6082 6100 6330 6830 7327 7814 8194 8314 8551 8804 9286 9348 9737
27 377 623 1101 1191 1247 1618 2226 3700 3847 4058 4206 4461 4727 4828 4841 5225 5404 5502 5708 6687 6850 7029 7242 8062 8139 8669 8952
27 217 1008 2167 2633 2978 3325 3384 3467 4970 5179 5396 5454 5558 6029 6253 6841 6962 7286 7777 7840 8088 8162 8967 9001 9218 9413 9461
26 190 817 849 1304 1372 1486 1586 2143 3094 3147 4336 4418 4895 5399 5525 5922 6346 6779 6933 7064 8357 8419 9020 9246 9477 9883
27 326 691 715 1927 2249 2631 2920 3031 4219 4958 5475 5981 6198 6377 6497 6810 7192 7305 7561 7877 8505 8858 9307 9336 9398 9593 9978
26 1111 1510 1856 3291 3602 3640 3799 4339 4579 4979 5009 5345 5903 6252 6327 6344 6582 6811 7374 7902 7917 8024 8173 8772 9182 9558
20 207 1015 1379 3739 3888 3993 4016 4329 4735 5175 5255 5892 6423 8148 8368 8779 9036 9302 9489 9764
28 777 899 968 1060 1211 1262 1473 1867 2410 3099 3374 3985 4222 4572 4784 5028 5594 5680 6060 6067 6958 7008 7060 7426 7826 8578 9379 9447
26 504 514 945 1610 2750 3039 3953 3995 4056 4483 4501 4762 5159 5355 5642 5888 5920 7165 7802 7961 7964 8927 9421 9565 9674 9832
23 181 657 703 1017 1153 1385 2322 3075 3378 3661 4437 4491 4606 5401 6997 7652 8292 8562 8730 8780 9011 9683 9859
19 183 247 309 1091 1354 1693 1695 2182 2531 3236 3599 4872 5500 6515 6600 6610 6917 7890 9386
19 654 665 1058 1994 2138 3093 3613 3821 4038 4294 5286 5955 6458 6588 6692 6915 7054 7184 9457
33 819 1079 1155 1701 2484 2892 3018 3788 3992 4024 4093 4110 4658 5074 5506 5607 5830 5842 6016 6532 6590 6903 7358 8079 8337 8448 8612 8918 9137 9409 9678 9784 9799
24 1030 2188 2260 2768 3802 3820 4134 4370 4552 4682 4802 4849 5082 5253 5376 5442 5756 6197 6570 6764 6877 7201 9407 9431
25 196 759 874 1272 1409 1509 1930 2055 2421 2934 4148 4235 4462 5878 6223 6792 7718 7755 8372 8632 8668 8807 9046 9583 9756
39 595 607 610 1491 1523 1534 1651 1665 1811 1845 2439 2861 3246 3304 3344 3982 4989 5201 5228 5567 5601 5646 5718 5758 6229 6247 6633 6723 6856 7118 7227 7237 7287 7375 7679 7843 8711 9840 9864
20 775 1048 1376 1493 2492 2494 2618 3680 4043 4295 4704 5276 5369 7545 7700 7970 8011 8063 9716 9719
19 953 2098 3311 3502 3702 3939 4123 4851 5509 6338 6625 7575 7665 8089 9597 9650 9819 9886 9985
23 37 1225 1877 2948 3077 3087 3088 3606 4540 4700 4800 4910 5040 5616 6219 6349 6688 6817 6974 7078 7943 9043 9464
19 237 550 570 1028 1899 2663 2922 3123 3663 4012 4244 4245 4583 7610 7813 8468 8560 9293 9315
20 502 830 1303 1401 1973 2313 2418 2453 3503 4466 4597 4663 5220 5453 5572 5875 6730 7199 8312 8712
17 766 784 2466 3213 3694 4180 5099 5435 5672 6350 6862 7573 7781 8609 9551 9636 9775
24 142 166 465 651 1077 2013 2470 2664 3314 3430 3925 4863 4885 4953 5518 5634 5710 6805 7972 8287 8495 8556 8577 8848
33 5 290 371 1299 1818 2207 2268 2769 3062 3750 3918 4247 4867 5091 5184 5386 5392 5687 6162 6399 6794 6833 6996 7535 7649 8077 8288 8484 8875 8935 8965 9167 9300
31 105 679 710 792 933 1339 1590 2018 3184 3432 3536 3679 3738 4171 4194 4825 4875 5010 5296 6205 6577 6670 7359 7628 8075 8369 9152 9388 9462 9779 9942
29 15 648 661 1112 1748 1844 1901 2233 3566 3768 3784 4348 4703 4819 5078 5417 5530 6352 6385 6763 7263 7312 7904 8035 8047 8815 9445 9547 9880
18 1160 2849 3271 3518 4538 4777 4926 4951 5780 6696 7443 7609 8121 8222 8651 9041 9321 9541
44 13 359 515 853 893 1013 1080 1093 1199 1529 1688 1822 1915 1992 2234 2259 2380 2761 2766 2812 2961 3336 3438 4121 4386 4563 4607 4608 4640 5194 5531 5849 6437 7204 7268 7361 7388 7959 8240 8274 8825 9040 9077 9191
24 102 810 845 1801 2184 2370 3140 3573 3869 3901 4560 4744 4761 5266 5375 5891 6212 6272 6429 6993 8142 8254 8465 9424
29 79 171 270 688 1345 1600 2284 2404 2548 3817 3905 4642 5212 5592 5626 5743 5882 6049 6054 6289 6435 7910 8243 8435 8617 9136 9528 9740 9830
20 297 1391 1571 2343 2788 3529 4507 5605 5697 6631 6879 6971 7249 7480 8150 8755 9050 9618 9659 9714
20 300 346 942 1089 2786 3511 3866 4234 4883 5023 6291 7124 7397 7553 8132 8223 8708 9132 9346 9745
19 90 1047 1911 2121 3514 3947 4441 4753 5520 5913 5916 5961 6436 6451 7516 7835 7908 8157 9252
18 419 927 1475 1720 2331 2762 3575 6264 6756 7806 8105 8299 8315 8620 9249 9384 9533 9890
21 354 1467 1833 1951 1980 2093 3352 3457 3526 3920 4127 5014 5042 5511 6285 6382 6905 6932 7612 7967 8399
22 461 1240 1860 1898 1931 2297 3014 3036 3486 3641 4965 5304 6519 6702 6868 7136 7578 7899 8477 8789 8811 9631
32 548 825 956 1066 1252 1292 2520 2609 2668 3073 3220 3237 3289 3730 3854 4259 4264 4556 4913 5587 5725 6044 6466 6506 7070 7087 7363 7976 8188 8687 9071 9405
26 143 180 215 675 791 822 1349 1453 1606 2042 2235 2352 2545 3504 3987 4668 4680 5749 5836 6182 6274 6324 7370 8239 8441 9101
27 2016 2388 2793 2807 3266 3454 4216 4853 4983 5129 5197 5954 6078 6461 6740 6835 6909 7244 7680 7707 7747 8060 8704 9044 9434 9990 9997
21 176 663 1524 2062 2099 2190 2816 3775 3913 4188 4375 4659 4676 4804 5338 6911 6960 7069 7809 9224 9748
27 573 619 770 1466 2647 2692 3060 3301 4027 4354 4358 5186 5331 5657 5769 6224 6262 6887 6951 7082 7301 7389 7656 7793 8576 9849 9909
24 783 1477 2113 2847 3112 3839 4504 4999 5342 5627 6273 6456 6799 6957 7167 7704 8179 8203 8582 8645 8894 8932 9198 9549
21 847 882 887 958 1078 1384 1612 1986 2393 2962 4170 4580 4626 4798 4821 5982 6237 6733 7526 7715 8117
21 1161 1250 2429 2885 3984 4229 5052 5326 5347 5757 6953 7135 7500 7619 7790 8078 8833 9172 9382 9476 9523
33 135 721 860 1533 1627 1632 1771 2082 2428 3003 3139 3349 3435 3598 3685 3781 4536 4567 4830 5188 5341 5349 5414 5809 6676 6927 7019 7381 7716 7836 8619 8857 9671
23 1378 1686 1949 2332 2504 2906 4176 4250 4715 5125 5139 6058 6083 6543 6894 7203 7297 7758 8634 9247 9423 9665 9785
26 1369 1577 1921 2085 2882 3676 4122 4239 4816 5217 5665 5775 6011 6403 6575 6596 6751 7633 8177 8378 8847 8901 9035 9290 9599 9868
26 730 805 972 1550 1784 1916 2723 2745 2852 3265 3315 3608 4627 4697 4779 5119 5148 5768 6505 6922 7416 7889 8533 8771 9515 9984
32 61 803 895 997 1419 1934 1941 2258 2500 3278 3389 3642 3806 4028 4227 4458 5027 5719 6008 6017 6240 6303 6642 6936 7421 7458 7474 7925 8214 8594 9131 9539
21 289 611 1596 1685 2107 3699 4208 4263 4751 4923 5145 5847 6211 6307 6356 6904 7298 8445 9741 9921 9929
26 1234 1454 1650 1962 2616 2821 3104 3629 4113 4130 5132 5174 5240 5578 6294 6869 6995 7040 7439 7681 8765 8904 8912 9106 9234 9735
29 147 304 411 746 1121 1143 1508 2187 2287 2392 2446 2483 3033 3131 3653 3654 4021 4624 4978 5400 6580 6666 7030 7111 7247 7318 7434 8444 8796
31 744 1307 1730 1735 1751 2192 2281 2371 2378 2427 3394 3659 4192 4517 5362 5728 6022 6150 6487 6557 6731 6998 7222 7377 7531 8032 8381 8996 9016 9027 9841
19 22 431 2090 2132 2486 2527 4832 5203 6014 6404 6602 7646 7660 7875 8265 8422 8713 9123 9160
21 17 26 222 753 1894 2120 2469 2646 2967 3459 3538 3706 4133 4436 5405 5555 6277 8116 9033 9214 9535
31 952 2278 2629 2973 3477 3493 3597 4292 4657 5645 6018 6204 6269 7194 7353 7382 7424 7774 7838 7874 7960 8479 8586 8754 8946 9021 9054 9187 9208 9557 9711
18 2980 3180 5029 5586 5948 6101 6972 7271 8229 8342 8735 8929 8971 9239 9263 9415 9516 9852
30 316 351 589 1184 1255 1562 2057 2561 2929 3358 3928 4549 5593 5623 5944 6498 6837 6858 6912 7555 7558 7636 7767 7949 7988 8370 8406 8793 9312 9458
21 782 1526 2238 2927 2988 3567 3600 3725 4003 4871 5825 6701 6821 6955 7084 7096 7262 8170 8647 8860 9747
30 78 125 1154 1182 1670 2028 2035 2697 2754 2881 2899 3129 3179 3256 4082 4300 4353 4857 5535 5845 6715 7085 7624 7711 8175 8361 8748 8788 9827 9965
27 209 1331 1447 2333 2730 2820 3717 3887 3951 4641 5162 5227 5468 5501 5675 5895 6047 6368 6484 6806 6948 6966 6978 8007 8621 9595 9706
19 988 1144 1318 2474 2593 3293 4104 4360 4670 5072 5449 6742 7023 7675 7857 8565 8591 8707 8742
20 373 540 719 3915 4102 4613 4901 5723 6684 6880 7004 7260 7460 7950 8161 8281 8540 8766 9226 9966
27 206 443 453 579 609 1355 1937 2061 2063 2665 2996 3162 3749 4008 4135 5131 5363 5510 5532 7072 7141 7317 7347 7860 8554 9110 9184
20 1347 1658 2000 2966 2997 4094 4431 4966 5278 6048 6491 6647 6652 7169 8184 9435 9469 9584 9608 9655
30 786 983 1287 1615 1731 2026 2264 2801 3064 3110 3916 3942 4967 5128 5487 6075 6490 7093 7212 7510 7746 7783 7791 7909 8034 8499 8642 8834 8972 9176
25 110 936 949 1083 1611 1772 1908 2070 2420 2865 2893 3612 4201 4720 4991 5653 6270 7261 8235 8330 8394 8501 9630 9872 9936
24 41 249 605 871 1140 1214 1224 1236 1514 2124 2136 2795 4065 4463 4488 4500 4980 6855 7487 7955 8602 8840 9939 9980
22 48 92 448 613 1903 2345 2413 2544 2619 2673 3203 3300 3505 3585 4117 4198 4513 4617 6503 8726 8938 9238
25 100 338 1208 1830 1928 2004 2599 2841 3429 3791 3873 3959 5045 5648 5654 6475 6968 7547 7564 7954 8218 8750 8844 8905 9527
19 151 294 476 1231 2011 5660 5996 6081 6128 6554 6881 7007 7200 7221 7238 7449 9524 9682 9920
30 55 192 348 423 1036 1088 1375 1823 1976 3273 3732 4280 4527 4943 5153 5209 5308 5794 6718 6729 7171 7368 7450 7828 7901 7984 8806 9061 9750 9759
21 64 629 1254 1392 1666 1826 2308 2592 3711 4036 4251 4742 5154 5496 5519 6408 6533 7383 8557 8982 9963
17 154 355 940 1485 2630 2764 3308 3937 4737 5101 5208 6925 7483 8052 9065 9749 9801
16 399 714 1050 1196 1500 2127 2669 2842 4547 4942 5896 7232 8095 8123 8763 9066
24 1022 1557 1879 2598 3375 3407 4631 4648 4654 5025 5348 5378 6304 6393 7448 7640 7752 7997 8963 9087 9491 9705 9791 9912
30 621 850 910 1172 1825 2253 2317 3006 3294 3639 3898 4046 4177 4535 4709 5193 5461 5793 6231 6857 7154 7387 7548 8232 8814 9085 9141 9157 9311 9979
20 184 325 471 497 685 769 862 1023 1853 2075 2223 2315 2702 4685 5783 6329 6640 8380 8698 9162
33 318 321 332 352 420 841 904 1932 2496 3132 3225 3719 3936 4030 4733 4774 5146 5268 5329 5569 6142 6537 6561 7319 7724 7812 7825 7865 7973 8084 8908 9243 9698
28 486 1476 1490 1800 2276 2283 2671 3284 3433 3610 4357 4401 5160 5395 6496 6712 7031 7179 7331 7425 7477 7588 8197 8328 8547 8705 8941 9014
32 360 365 382 458 478 636 846 1277 1539 1788 1807 1956 2803 3943 4119 4457 4705 5493 6865 6977 7248 7429 7549 8106 8460 8570 8731 8956 9055 9362 9470 9995
17 146 1020 1130 2685 3282 3517 4091 4105 4257 4796 4855 5397 6189 6946 7048 7089 8916
21 344 1205 1271 1483 2212 2603 2661 3515 3535 3793 4009 4064 4365 4686 4986 5026 7670 8231 8532 8849 9790
21 33 694 1045 1544 2094 2753 3769 3892 3976 4656 5492 6283 6392 7088 7208 8125 8221 8251 8494 9268 9279
30 1207 1741 1957 1958 2002 2497 2872 2971 3085 3894 3974 5624 5764 5962 6098 6130 6195 6245 7202 7219 7253 7511 8272 8411 8454 8546 8572 8745 9179 9548
20 152 597 873 1589 2395 2611 2627 3926 4040 5022 5848 6079 6961 7293 7668 7981 8019 8999 9668 9815
26 288 320 410 517 722 844 2056 2526 2624 3247 3692 4224 4310 4315 4852 5300 6021 6376 6440 6892 7258 7822 8055 8129 8376 9751
18 161 224 2746 3019 3105 3111 3753 4158 4794 5824 6341 8023 8414 8531 9164 9372 9580 9828
21 339 1445 1471 1866 1996 2575 2642 2687 3007 4217 4312 4711 5093 5543 5724 7000 7990 8416 8920 9607 9814
26 642 901 1076 1315 1321 1377 3233 3267 3480 3689 3805 4424 4593 4621 4879 5110 5662 5858 6493 7017 7406 8415 9303 9669 9770 9947
28 50 112 164 1127 1150 1414 1746 2066 2415 2529 2572 2615 4044 4141 5035 6298 7189 7322 7428 7469 8113 8481 8863 8940 9049 9253 9649 9732
28 88 1413 1428 1919 2407 2467 2792 3103 3399 4423 4602 4636 5691 6522 6583 6797 7215 7296 7537 7749 7991 8652 8805 9301 9546 9620 9633 9638
32 24 1269 2116 2954 3052 3084 3292 3565 3652 3986 4066 4159 6009 6122 6138 6254 6621 6861 7285 7405 7735 8082 8386 8914 8919 9096 9140 9244 9753 9776 9843 9851
24 65 128 240 396 480 2036 3754 4814 6258 6495 6769 6796 6979 7642 7690 7759 7868 8003 8092 8103 8164 8390 9360 9907
21 335 501 638 1827 1828 2145 2489 2721 2737 2919 2955 3228 3364 3808 4957 4993 5105 5693 5929 7161 8226
19 1055 1084 1679 1895 1970 4408 5077 5445 6260 6354 6759 6814 7455 7489 7894 8155 9478 9567 9796
24 134 364 726 763 1038 1382 1551 1913 2069 2236 2444 2759 2926 3143 3404 4766 6601 7164 7290 8463 8915 8959 9486 9782
23 129 865 1850 2748 3371 3825 3831 3933 4922 5031 6025 6337 6539 6573 6935 6937 6980 7068 7149 8504 8867 9585 9931
20 82 624 1787 1792 2110 2181 2936 3065 4006 4576 4919 4973 6233 6358 6784 6800 7579 8398 9201 9869
21 1806 2219 2622 3117 3752 4695 5862 5868 5953 5980 6695 7191 7491 8015 8461 8913 9103 9359 9364 9591 9922
20 1031 1174 1343 1564 1738 2211 2620 2831 3023 4632 5075 5291 5523 5748 6401 7473 8044 8600 8951 9724
16 1138 1444 1874 2054 3365 4087 4304 4363 4531 6326 6615 7011 7313 7411 7855 7898
27 83 287 1581 1750 2359 2577 3159 3494 3648 4717 4829 4908 5408 5495 5960 5965 6169 6250 6910 7975 8253 8431 9316 9494 9693 9723 9878
22 177 677 979 1412 1885 1988 2408 3141 3577 4150 4186 4484 5505 6854 7026 7653 7883 8182 8363 8508 8926 8931
14 634 2199 2808 2933 4460 4558 4940 5702 6133 8284 8469 8671 8906 9834
28 1480 1517 1669 2180 2206 2257 3441 3549 3625 3852 5103 5742 5850 6365 6774 7330 7710 7983 8006 8126 8724 8970 9113 9127 9420 9605 9612 9976
25 418 429 984 992 1637 1717 2032 2227 2675 2827 3385 3519 3523 3570 3668 5204 6472 6592 7174 7765 8169 8339 8791 9084 9542
29 89 831 1341 1492 2514 2515 2716 2895 3024 3082 3335 3400 3837 3856 4687 4861 5457 5744 6173 6536 6651 7097 7163 7399 7436 7702 8447 9173 9602
21 2106 2644 2860 3182 3198 4413 4515 5810 6062 6432 6562 6697 6803 7684 7922 7930 8526 8695 8895 9309 9397
24 366 576 612 816 858 2351 2767 3279 3902 4187 4368 5834 6149 6248 6531 7129 7134 7373 7562 7732 8018 8250 8835 9891
26 132 167 660 711 955 973 1071 2448 4287 4465 5185 5260 5816 5899 6184 6558 6660 7351 7873 8012 8193 9228 9259 9272 9327 9553
25 58 527 647 738 911 1019 1626 2303 2341 2433 2499 2782 3232 3554 3658 3774 4352 4963 6650 6807 7871 7903 9133 9913 9968
26 460 1114 2023 2850 3560 3609 4248 4331 4351 4768 5319 5831 6125 6140 6716 7067 7357 7842 8100 8119 8149 8289 9115 9294 9710 9893
28 583 854 879 1718 1917 1946 3235 3428 3456 4398 4472 4541 5187 5356 5565 5590 5639 5817 6306 6787 6827 7083 8246 8473 8837 9093 9146 9181
32 170 490 544 930 1125 1660 1726 1971 3171 3343 3359 3366 4324 4833 4911 4990 5068 5439 5553 5934 6465 7209 7708 7772 8115 8252 8456 8862 9079 9216 9221 9396
22 644 778 932 1162 1256 1614 2265 2375 2725 2935 3853 3880 4246 4254 4380 4405 7685 7851 8081 8263 8680 9768
21 9 253 397 435 1366 1374 1595 1635 1705 2319 2397 2537 2602 3324 4178 4903 5447 5659 7213 7627 7662
32 73 437 985 1831 3248 3741 4512 4661 4746 5051 5090 5116 5168 5876 6213 6467 6542 6791 6824 6872 7463 7465 7570 7786 7880 8282 8666 8753 8964 9057 9095 9943
17 741 1198 1657 2431 3369 3392 3530 3875 5113 5155 5588 5987 6137 6939 7819 7859 8238
31 42 71 262 369 568 716 923 977 1311 1836 1947 2135 2170 2353 3353 3734 4025 4410 4511 4949 5424 6146 6630 6754 7694 7739 7740 8528 8690 8993 9882
23 406 430 572 1156 1965 2445 3472 4078 4112 4144 4564 5057 5081 6257 6397 7349 7926 8180 9139 9438 9847 9905 9916
27 101 140 158 307 434 466 1643 1649 2464 2829 2838 4256 4435 4877 5343 5753 6594 6705 7696 7957 8085 8443 8808 9053 9175 9394 9709
21 512 1000 1472 1549 1760 1854 2049 2336 2473 2870 3081 3167 3446 3779 5062 5477 5755 6556 7414 8839 9006
25 859 877 1192 2261 2471 2655 3376 3975 4007 4342 4799 5232 5658 5732 6185 7245 7407 7663 7815 8455 8475 8596 9000 9728 9953
26 322 718 1266 1538 2294 2571 2883 3588 3646 4089 4221 4961 5092 5729 5771 5821 5872 5963 6096 6373 6725 6976 7980 9151 9519 9652
20 305 982 1671 2119 2449 2785 2999 3240 3395 3816 3891 4099 4326 4721 6480 6842 6907 7551 9452 9664
22 1711 1753 1762 2390 2405 2423 2487 2770 3188 3201 3485 3919 4889 5481 6208 6259 6699 7143 7177 7559 9718 9986
20 18 279 1009 2363 2628 3224 3424 3713 4769 4891 6232 6295 6622 7104 7274 7336 7481 7911 8313 8962
23 1744 1795 1991 2720 2942 3687 3757 4138 4870 5935 6546 6838 7098 7723 7807 7929 7935 8017 8061 8237 8584 9634 9901
26 69 311 481 921 1268 1296 1707 2652 2823 2877 3218 3678 3723 4116 4524 5114 5238 6170 6607 6875 7332 7366 7905 7937 9205 9701
19 704 878 1274 2165 2890 3101 3720 4355 4594 5000 5195 5415 6636 7454 7585 7888 8216 9639 9662
28 276 1098 1157 1284 1499 1775 1997 2221 2282 2607 2751 2855 2940 3005 3149 3664 4063 4184 4571 5063 5444 5859 7075 7081 7854 8432 9472 9578
27 720 832 1416 1584 1803 2425 2728 2879 3249 3421 4272 4334 4620 5144 5503 6196 6924 6938 7052 7643 8041 8087 8158 8316 8433 8520 9064
29 198 671 995 1861 1871 2128 2558 2908 4164 4789 5196 5200 5619 5651 6019 6357 6378 7125 7173 7292 7476 7933 8261 8382 8425 8715 9345 9744 9822
26 444 678 1424 1691 1982 2271 2585 2918 3521 3761 5548 6174 6411 6489 6581 6611 6629 6720 6825 8628 8799 8925 9008 9499 9670 9919
28 232 569 656 1238 1881 1890 2064 3297 4281 4416 4738 4847 5796 6093 6147 6524 6700 6809 7270 7557 7631 7884 7923 8199 8823 9076 9112 9192
23 343 526 1216 1712 2307 2586 3135 3431 3855 3908 4616 5292 5370 5765 5778 6402 6553 7334 7697 8242 8523 9254 9767
32 843 889 902 1095 2039 2080 2176 2251 2419 2477 2667 3662 4092 4285 4502 4723 4731 4843 4987 5411 5479 5750 5964 6068 6271 7020 7924 8373 8588 8810 8822 8828
19 1107 1270 1522 2274 2582 3845 4167 4204 4596 5441 6347 7457 8228 8285 8429 8430 8605 8630 8816
35 149 199 293 617 1531 1889 2006 2657 2889 3259 3444 3528 4070 4933 5406 5561 5786 6603 6793 6965 7022 7218 7364 7459 7876 8074 8491 8681 8692 8842 8987 9256 9738 9838 9977
28 56 228 1327 1558 1608 2095 2693 3156 3194 3288 3478 3561 3686 3709 3970 3973 4882 5700 6238 6529 6844 7095 7736 9171 9496 9699 9746 9887
30 34 334 1189 1273 1489 1939 1955 2158 2366 2542 3207 3303 3409 3490 4202 4309 4788 4815 5251 5354 5770 6108 6265 6488 7284 8053 8511 8543 8861 9739
23 537 580 693 702 1258 1995 2533 3072 3183 3747 4542 5038 6165 7110 7157 7282 7540 7592 8255 8638 8897 8900 9333
29 400 608 767 974 1135 1684 1865 2020 2710 2806 2946 3015 3537 3733 3872 4081 5098 5202 5364 5630 5864 6087 6589 6788 8611 9314 9320 9573 9622
22 98 699 2072 2244 2316 2476 2634 3165 4361 5244 5416 5610 5999 6105 6106 6689 6746 7049 8002 9088 9411 9545
21 342 1133 1417 1532 2114 2129 2915 3603 4001 4956 5284 5972 6026 6276 7021 7063 7603 7906 8159 8496 9930
30 776 991 1068 1313 1342 1732 1736 2442 2606 2779 3045 3465 3579 3618 4035 4233 5152 6103 6286 6453 7378 7446 7529 7683 7993 8798 9005 9487 9600 9604
23 23 84 1285 1415 1737 2409 3548 4367 4419 4495 4813 5171 5219 5236 5252 5597 6080 7025 7524 7586 7782 8391 8509
21 284 488 697 964 2133 3605 3932 4984 5551 5760 6508 6572 6943 6945 7328 7464 7744 8248 8555 8569 9495
28 308 1099 1176 1218 1381 1400 2591 2690 3275 3437 3583 3683 4258 4366 4772 5904 6312 6334 6525 6851 7120 7816 8037 8702 9058 9624 9632 9846
32 36 637 820 881 1935 2117 2256 2517 2538 2625 3043 3197 3258 3261 3403 3620 4237 4506 4862 6181 6492 7384 7410 7686 8183 8500 8768 9018 9073 9276 9370 9399
21 157 263 674 2231 2242 2565 2994 3842 4428 5526 6663 6908 7126 7986 8005 8051 8154 8677 9590 9676 9881
21 4 216 633 1115 1194 1442 1638 1677 2044 2727 3712 4387 4690 5307 5971 6074 6280 7162 7170 7295 9047
29 278 473 1220 2454 2941 3342 3665 3672 4013 4494 4548 4586 4822 5443 5974 6371 6683 7002 7595 7621 7713 7730 7977 8065 8144 8352 9068 9310 9794
26 358 749 827 852 1029 1433 1884 2339 2525 2570 2574 2763 3675 3755 4096 4174 4400 4924 5402 6328 6749 6918 7035 8109 8597 9967
24 95 531 962 1226 1293 1715 1770 2047 3166 3360 3543 4017 4448 5233 6168 6209 6469 6538 6760 7197 7362 7833 7916 9690
30 409 456 484 1360 1462 1527 1634 1790 1929 2177 2583 3238 3447 3743 4005 4289 4869 5004 5279 5339 5432 5733 5984 6032 7799 7996 8613 9654 9900 9910
22 442 1006 2137 2771 2957 3144 3226 3813 3836 3972 4120 4679 5189 5470 5529 5650 5933 6386 7848 8706 9383 9988
14 2874 3415 3906 4414 4451 4525 4660 5853 5855 6154 6167 6540 6639 8262
27 522 1113 1601 1697 1797 1824 1972 2140 2171 2711 3067 3910 4084 4698 4842 5352 5361 5701 6015 6180 7471 7504 8202 8539 9616 9861 9903
27 323 1003 1328 1785 1834 2005 2329 2510 2640 2824 2947 3020 3097 3151 3186 3827 5001 5287 5448 5521 5774 6217 6370 7128 7497 8514 9695
21 195 422 499 696 1041 1405 2224 2698 3016 3373 3556 3884 4662 6405 6719 7058 7953 8636 9281 9463 9787
22 815 876 1521 1609 2323 2887 2916 4039 5122 5499 6135 6230 6287 6744 6959 7817 8417 8510 9080 9240 9368 9574
27 93 150 159 197 386 494 835 1358 1458 1537 2452 4031 4057 4145 4328 5539 5583 5823 6406 7360 7437 7654 8826 8882 8898 9063 9089
28 521 523 1011 2325 2480 3770 4509 5389 5460 6116 6117 6176 6177 6735 7016 7311 7705 7751 8291 8298 8566 8944 8960 9501 9689 9742 9752 9906
26 39 459 828 856 2048 2726 3907 4042 4173 4293 4450 4797 4955 6057 6221 6638 6714 6722 6920 7267 7393 7461 8873 9418 9793 9928
27 875 1081 1361 1439 1580 2071 2560 2811 2974 2975 3068 3721 3829 3912 3929 4059 4643 4764 5021 5066 6351 6595 6870 7345 7423 8782 8889
24 67 254 1142 1314 1667 1761 3253 3330 4425 4629 4752 4952 4997 5542 5706 6560 6617 6896 7419 8167 8400 8489 8813 9010
29 258 446 1896 2357 2503 2563 2605 2813 2825 3127 4029 4068 4635 4714 4834 5086 6500 6680 7309 7315 7376 7760 8854 8855 8883 9067 9343 9561 9935
25 94 519 1295 1470 1769 2347 2382 2703 3347 4111 4147 4409 4712 5315 5617 5791 6073 6191 6559 6914 7310 7525 8000 9190 9284
25 601 891 1954 2267 3028 3130 3595 3616 3809 4161 4346 4404 4595 5367 6989 7505 7693 8318 8498 8829 9074 9130 9355 9588 9996
26 239 1264 3312 3411 3604 3650 3833 4197 4758 5094 5259 5545 5620 5656 6151 6644 6752 6755 6826 7185 7355 7918 8258 8718 9004 9313
27 528 545 1798 2154 2312 2555 3191 3250 3401 3724 4568 4844 5055 5739 6410 7207 7251 7733 8168 8210 8404 9319 9526 9566 9623 9875 9989
24 1278 2549 2853 2884 2953 3628 3896 5267 5575 5884 6445 6563 7255 7333 7630 8120 8217 8259 8656 8743 9237 9275 9471 9825
27 341 381 516 788 823 1380 1597 2214 2894 3196 3742 4773 4848 4918 5819 6110 6374 6822 7800 7951 8449 8457 8658 8786 8802 9282 9498
23 136 1053 1064 1446 1786 2468 3004 3390 3482 3965 4004 4533 4927 4931 5534 7757 8575 8696 8968 9700 9781 9795 9802
17 627 1676 1802 2225 2247 2684 2921 5054 6388 6778 6975 7014 7344 7725 7745 8872 8902
25 173 999 1086 2653 2956 3095 3693 3883 4459 4476 4981 5351 5712 6342 6343 6459 6541 6819 7273 7677 8332 8958 9805 9818 9885
13 1383 2318 2891 3513 3541 4327 4736 6400 8200 8697 9371 9453 9679
19 266 1002 1097 2587 2749 2814 2867 3382 3744 3966 4069 4384 4470 5089 5314 6463 6679 8561 9344
30 76 659 967 2040 2166 2209 2250 2286 2858 2880 2907 3098 3357 3492 3527 4343 4612 4710 5297 5779 5900 5927 6325 6773 7102 7226 7272 7862 8134 9529
21 35 498 2787 3940 5245 5910 6758 7224 7518 7527 7712 7727 7769 8198 8264 8304 8426 8512 8553 9015 9446
21 241 1197 1305 1820 2451 2952 3506 3632 3804 4260 5073 5985 6052 6111 6418 6686 7762 8625 8637 8728 8874
25 378 625 729 922 2010 2530 2594 3533 3697 4230 4669 4795 4928 5109 5142 6155 6158 6194 7475 7853 9029 9481 9522 9560 9994
25 219 596 954 1210 1436 1468 2216 2298 2695 2846 2898 3027 4276 4427 4937 5613 5754 6171 6501 6874 7300 8057 8336 8716 9502
27 182 244 350 492 812 886 1059 1200 1681 1742 2400 3050 3592 4439 4778 4907 5218 6028 6085 6455 6568 7622 7892 7958 8099 8401 9621
28 787 1222 1280 1298 1362 1967 2290 2374 2402 2465 3623 3782 4748 4776 4840 5056 5140 6478 7229 7632 7985 8341 8506 8571 8758 9104 9938 9960
21 463 628 829 1195 1389 1583 2147 2162 2384 2596 2845 3063 5767 5943 6521 6728 6956 8205 8525 8749 9646
19 1072 2255 3890 4505 5717 6228 6659 6845 7033 7150 8442 8709 9149 9170 9317 9385 9511 9797 9874
22 632 1102 1126 1168 1180 1968 2736 3971 4307 4498 4968 5317 5615 6097 6141 7435 7519 7522 7641 8016 9056 9807
23 771 903 961 2073 2488 3777 4062 4305 4314 4856 5380 5409 6422 6970 7278 7648 7794 7942 8171 8672 8864 9449 9532
21 271 390 780 914 1206 1275 1675 3286 3785 4002 5546 6415 6483 7036 7337 7709 7726 8048 8729 9537 9657
27 87 485 1001 2334 2694 3295 3451 3540 3547 4377 4673 4708 4743 5173 5394 5595 5631 5641 5917 5921 6387 7915 8025 8325 8350 9034 9261
26 45 208 1181 1325 1427 1842 2326 2540 2656 2876 3328 3801 4037 4554 5330 5371 5467 6899 7138 7386 7594 7776 8550 8583 8660 8790
25 60 1540 1948 2009 2134 2519 2704 3635 3818 3819 4739 5462 5504 5820 6161 6618 6963 7009 7335 8598 8992 9062 9416 9629 9952
22 1765 2105 2361 2905 3391 3408 3552 4241 4262 4332 5048 5221 5295 5482 5560 5938 6566 6882 7763 8365 9833 9850
23 385 2391 3069 3759 4452 5178 5281 5614 5666 5978 6193 6634 6942 7006 7116 7882 8268 8392 9031 9250 9349 9653 9780
36 432 692 1933 2017 2457 2817 2968 3000 3302 3413 3935 4055 4212 4490 4573 5008 5036 5070 5079 5427 5585 6671 6734 7042 7534 8133 8151 8283 8428 8803 8846 8943 8966 9241 9299 9422
27 578 630 857 1043 1054 1469 2091 2130 3079 3422 3990 4644 5130 5625 6107 6389 6678 7041 7797 8056 8249 8269 8307 8308 8868 9165 9673
21 236 884 1106 1185 1241 1805 2122 2506 2566 3420 4085 4929 5118 5309 5902 6002 6090 6931 8225 8990 9853
26 604 717 934 1052 1177 1484 1754 1891 2481 2554 3531 4115 5043 5226 5478 5715 5759 5906 6005 6020 6782 7682 7978 8567 9304 9456
18 723 946 1249 3268 4625 4969 5709 5893 6001 6292 7137 7277 7346 8031 8899 9097 9506 9806
29 233 295 690 705 813 1456 1763 2330 3066 3436 3572 3949 4074 4213 4265 4995 5690 5837 5856 6210 6473 7380 7550 8581 8664 8725 8801 8870 9915
19 951 1722 2735 3091 3298 3590 3718 3998 4014 4896 5047 5591 5909 6300 8112 8423 8800 9381 9684
23 155 227 906 1082 1406 3946 4718 4756 4868 5199 5563 5564 5894 6039 6092 6216 6251 7057 7281 8050 8530 9305 9554
20 1640 1961 2546 2839 4048 4199 4447 4566 4783 4827 5262 5294 5423 6777 7055 8549 8641 8678 8795 9082
23 1069 1179 1641 2068 2309 2432 2972 3957 4152 4179 4190 4453 4972 5076 5147 6241 7811 8156 8311 8587 8590 8623 9099
23 131 292 541 1190 1228 1725 2305 2435 2553 2643 3354 3559 4543 4578 5005 5390 6059 6430 6454 8345 8747 9414 9958
26 319 384 412 801 908 1699 2001 2958 3071 3419 3682 5215 5908 6104 6468 6535 6704 6940 7482 7849 7864 8389 8397 8710 8794 9230
23 57 408 1062 1096 1851 2379 3148 4664 4950 5277 5333 5360 5799 5912 8058 8131 8338 8384 8574 8663 8888 9202 9613
22 727 1560 1588 1943 2903 3522 3877 4052 4126 4510 5049 5084 5829 6084 6926 6981 8208 8329 8482 8486 8856 9340
27 127 762 1092 1301 1461 1541 2679 2833 3190 4232 4443 4522 4694 5229 5914 6012 6599 6770 7153 7356 7827 8071 8166 8885 9225 9686 9789
32 798 1203 1603 1723 1780 1892 2118 2246 2302 2608 2910 3276 3740 4306 4446 4530 4557 4865 4992 5602 5790 5946 5976 5988 6336 7350 8114 8118 8559 8662 9329 9774
26 375 712 1129 1370 1566 2498 2719 3044 3326 3501 3934 4288 4397 4468 4588 5513 5977 6446 7080 7288 7338 7568 7721 8880 9168 9820
24 337 416 560 588 731 1120 1909 2358 3412 3569 4149 5192 5285 5562 5695 5737 5789 5865 6449 6883 7145 7408 7485 8141
28 259 546 925 1202 1352 1620 2151 2362 2521 2638 3242 3765 4286 4493 4874 5158 5165 5652 6555 6612 6831 6890 7166 7283 8083 8947 9266 9555
32 513 821 868 1353 1559 1659 1687 1759 2058 2755 3434 3796 3964 4143 4267 4523 4671 5107 5303 5818 5990 5997 6674 7119 7659 7932 8296 8626 8896 9257 9295 9509
20 188 189 584 1087 1291 1460 1814 4238 4382 4803 4859 5006 5919 7094 7676 8930 9003 9045 9189 9559
30 916 1777 1963 2083 2222 2230 2931 3510 3512 3859 3977 4072 4200 5328 5522 5664 5761 6179 6249 6448 6462 6983 7130 7254 7998 8615 8995 9069 9271 9485
33 139 347 529 870 1227 1308 1515 1838 2079 2340 2426 2648 2784 3484 3923 4486 4693 5387 6000 6069 6278 6310 6407 6507 6520 7266 7495 8080 8181 8256 8732 9773 9933
23 315 372 518 552 1653 1907 2157 2739 3133 4514 4601 5372 5915 6200 6772 7028 7086 7900 8026 8676 8720 9520 9628
24 414 872 1334 1683 2580 2709 2977 3059 3125 3337 3589 4053 4054 4195 5802 6367 6713 6765 6923 7046 8138 8407 9800 9954
24 296 1399 1857 2398 3122 3285 3397 3546 3867 4266 4900 5589 6007 6502 6514 6834 6852 7109 7470 7544 7731 8635 9334 9637
28 111 201 880 1259 1599 2183 2447 2851 3223 3944 4581 5483 5801 5924 5932 6006 6396 6494 7264 7453 7644 8186 8519 8859 9335 9643 9754 9865
17 452 2153 3544 3696 3927 4320 4393 5150 5325 5797 7032 7043 8427 8478 8640 9357 9571
25 468 563 1209 1257 1371 1727 2436 2734 3323 3865 5668 5782 5861 6567 6990 6992 7569 7771 8165 8377 8607 8610 9550 9817 9940
31 85 133 345 445 474 505 883 1340 1547 1813 2213 2304 3034 3338 3840 3874 4051 5071 5211 5301 5474 5596 5747 6134 6340 7107 7112 7326 8871 9563 9992
28 510 1253 1335 1733 2799 3120 3426 3751 3914 4071 4109 4585 5465 5541 5973 6299 6737 6820 6982 7941 8069 8204 8273 8326 8979 9143 9255 9425
30 119 187 272 281 282 472 928 950 2043 2306 2911 3056 3202 3878 4220 4255 4521 5918 5992 6586 6698 7236 7348 7552 7714 7756 8140 8832 8841 9351
21 551 814 1309 2292 2434 2809 3169 4559 4574 5507 5776 5835 6139 7468 8424 8472 9121 9169 9287 9332 9577
26 179 267 269 464 581 892 1021 1481 1554 2960 3274 3380 4836 5273 5622 5766 6190 6199 6218 7302 7979 8434 9258 9378 9651 9703
24 405 643 701 1104 1494 1602 1924 2556 2738 3157 3168 3564 4076 4322 4330 5015 5346 5726 5792 6071 6244 7661 8009 8819
25 14 402 407 428 1886 2344 3012 3281 4362 4603 4745 4884 5703 6030 6296 6452 7246 7496 7674 7989 8286 8945 9606 9761 9899
19 252 765 1188 2475 2706 2830 5751 5843 6305 6511 6902 6921 7243 7764 8067 8310 8685 8937 9598
26 586 826 918 1348 1959 2273 2354 2502 2595 2800 2900 2901 3346 3363 3645 3960 4191 4215 4638 4996 5039 6829 7420 7503 9211 9760
25 800 1662 2025 2568 3145 3231 3703 3871 4609 5420 5598 5870 6036 6040 6119 6383 6593 6738 7195 7673 7775 8107 8483 8751 9352
17 75 156 230 687 1183 1407 1882 2041 2744 3229 3848 5305 6665 7720 8760 9109 9289
25 655 793 1016 1212 1767 2365 2743 2896 2904 3251 3619 4344 5161 5365 5538 5716 6785 7343 7587 7589 8375 8490 8503 8933 9803
31 113 163 313 374 600 773 1040 1625 1664 1789 1846 2163 2194 2523 2678 2701 4210 4684 5661 5696 6281 6801 6916 7051 7059 7897 8195 8544 8599 9203 9455
27 29 49 145 153 417 742 747 1357 1563 1648 1821 2179 2482 2672 3017 3318 4729 6153 6419 6944 7490 8128 8513 8679 8783 8890 9564
23 242 615 709 795 937 1422 1432 1616 2285 2589 5705 6023 6431 6646 7891 8028 8379 8388 8616 8646 9116 9412 9570
30 7 44 393 496 808 1411 1714 2659 2689 3026 3164 3574 3695 4231 4713 4722 4944 5508 5685 5885 6579 6598 6849 7341 8321 9199 9308 9677 9687 9862
19 713 861 980 1661 1719 2819 2863 2995 3074 4010 4095 5663 6172 7385 8227 8367 9427 9543 9860
29 103 280 506 1420 1569 2060 2707 2864 3234 3317 4018 4041 4151 4340 4590 4688 4975 6485 6623 6709 7604 7706 7867 8558 8988 9323 9365 9572 9993
19 761 1674 1993 2229 2310 3571 4719 5637 5638 6187 6619 7190 7834 8436 8589 9155 9212 9474 9969
35 175 708 1425 1729 2541 3041 3090 3705 4347 4392 4561 4726 5106 5134 5156 5428 5544 5574 5618 5930 6313 6547 6783 6906 7101 7259 8040 8476 8659 9017 9390 9430 9712 9734 9959
35 530 594 602 943 1403 1520 1570 1864 2007 2081 2178 2569 2837 3152 3450 3870 4022 4378 4759 5230 5237 5293 5334 5720 5840 6282 6843 7071 7452 7805 8643 9013 9083 9135 9694
20 6 1134 1457 2364 4243 4385 4391 4792 4817 4941 5489 5497 5867 6523 6681 7106 7275 8090 9500 9681
33 186 965 1063 1421 1734 1974 1998 2092 2796 2923 4454 4622 4763 5136 5310 5312 5577 5721 5883 7257 7530 7580 7607 7831 8086 8152 8349 8439 8953 8955 8957 9038 9369
28 169 218 333 695 1511 1952 2189 2610 2873 3483 4345 4665 4791 5151 5246 5247 5846 6433 6768 6873 6967 7024 7099 7498 7846 8537 8997 9219
28 1137 1448 1518 1796 1950 2102 2557 3405 4169 4820 5003 5133 5384 5956 5983 6037 6070 6202 6626 7329 7563 8333 8827 9292 9341 9525 9811 9892
19 63 426 1977 2254 2367 2550 2722 3551 3849 4683 5223 5313 5582 5704 6094 7599 7672 8878 9389
20 291 559 1124 1702 2149 2424 3215 3239 3826 3843 4417 4914 4954 5083 7637 8102 8124 8209 8487 8769
31 960 975 1219 1336 1396 1573 1745 1778 1893 2509 2844 3010 3025 3046 3626 3727 3851 4587 4765 5951 6215 6717 6745 7151 7788 7994 8703 9374 9402 9536 9645
26 757 1351 1953 2262 2639 2742 2964 3080 3155 3307 3334 3832 4077 4168 4203 4846 4920 5684 5698 6444 6564 6823 7073 7832 9356 9691
21 725 743 1633 1816 2976 3100 3811 4228 4253 4273 4323 4544 5713 5738 6034 7572 7895 8275 8774 8886 9663
24 210 229 1051 1644 1819 2272 2543 2757 2776 2875 4313 4479 4618 4689 5263 7228 7507 8207 8335 8644 8981 9713 9829 9888
35 12 70 539 582 618 797 963 1178 1330 1434 2046 2385 2986 3109 4623 4646 5157 5374 5488 5772 6091 6144 6159 6166 7372 7402 7784 7945 8145 8322 8502 8604 8722 8877 9854
30 536 577 772 1131 1621 1774 1832 2843 2909 2925 2979 3096 3649 4337 5306 5552 5936 6099 6118 6657 6743 7289 7447 7512 7856 8655 9078 9325 9433 9951
24 138 470 542 662 834 1035 1061 1173 2296 3425 4011 5182 5674 6126 6434 6952 7231 7431 7520 8008 8563 8797 9028 9964
19 668 1504 1709 1914 1945 2111 2218 2924 3823 4166 4771 5080 5464 6672 7196 7543 7566 8973 8986
23 811 944 1213 1239 1482 1502 1855 2228 2396 2399 2871 4982 5270 6072 6426 6693 6867 7108 8021 8949 9331 9429 9755
24 52 285 555 1437 3134 3170 3418 3524 3688 3838 4976 5256 5679 6750 6929 7962 8190 8618 9180 9265 9291 9733 9898 9974
30 245 564 836 1024 1145 1323 1940 2196 2389 2828 2917 3146 3177 3212 3299 3476 4098 4128 4469 4546 5490 6183 6609 6632 6898 8153 9235 9808 9904 9917
36 194 649 866 896 2051 2732 2949 3227 3230 3466 3550 3562 3756 3958 4374 4403 5012 5311 5975 6114 6120 6235 6311 6314 6761 7003 7541 8127 8293 8353 8939 9129 9444 9692 9879 9902
31 115 205 299 302 356 863 1075 1167 1346 1716 2096 3327 3458 3681 4015 4412 4545 4605 5398 5514 5640 5945 6242 6895 7623 7920 7921 8266 8290 9721 9924
27 212 298 924 1622 1652 2164 2505 2617 3163 3341 3634 4349 4598 4750 4770 4935 5104 5813 6024 6604 7830 8038 8654 9026 9107 9134 9448
28 28 107 511 1585 1918 1985 1987 2173 2965 3210 3417 3978 4674 5100 5183 5316 5740 5811 6409 7472 7847 8191 8552 8727 9072 9145 9823 9925
19 682 1067 1497 1623 1883 2386 3383 3455 4277 5604 6316 6394 6673 7256 7770 7927 9350 9625 9786
30 2108 2239 2277 2501 2705 2733 3216 3272 3423 3886 3983 4050 4269 4725 5393 5498 5785 5839 6584 6682 6767 6941 7074 7565 7571 7658 7850 8910 9342 9729
23 20 124 941 1229 2539 3388 4283 4402 4489 4651 4782 4878 5096 5382 5814 5866 6486 7741 8410 8942 9358 9603 9810
24 1 43 109 482 2204 2458 2578 2691 2990 5046 5450 5940 6035 6424 6766 7061 7554 7602 7785 8027 9051 9627 9708 9804
25 40 243 645 681 1364 1423 1713 2168 2387 2406 2859 3255 3321 4279 4614 4960 5937 6425 6836 7205 7466 7698 7870 8648 8924
21 1108 1397 1696 2321 2650 3153 3211 3464 3961 4023 4666 5002 5898 6574 6724 7056 7117 7556 7596 7692 8160
18 388 1141 1390 2104 2349 3222 4155 4395 5327 5344 5788 6123 6654 6798 7239 7601 7611 8143
23 557 1878 2438 4223 4520 4681 4898 4974 5741 5958 6109 6321 7013 7198 7451 7754 7766 7952 8331 8360 8522 8688 9510
19 457 626 919 1122 1465 1672 2014 2912 3047 3594 3627 4153 4475 5033 6853 7486 7560 7650 8438
24 193 575 1418 1479 2019 2699 2822 2987 3448 5135 5288 5683 5795 6143 6414 6517 6591 6818 7433 8545 8595 8812 9611 9911
23 781 1032 1217 1289 1290 4236 4637 4740 4985 5210 5239 5484 5603 5629 5633 6288 8014 8301 8778 9100 9245 9285 9743
29 220 728 938 1286 2241 2373 2564 2637 2902 3049 3172 3209 3339 3651 3921 4033 4060 4445 4667 5925 5968 6076 7528 7919 8211 8334 8684 9248 9468
21 264 376 1410 1743 1989 2311 3348 4630 4730 6398 6470 6986 7391 7488 7863 8302 8746 8984 9148 9821 9955
24 379 427 758 1869 2205 2660 2963 3107 5249 5282 5557 5676 5879 6309 7320 7484 7738 7938 8324 8817 9120 9465 9783 9837
26 54 327 353 425 598 622 935 1394 2756 3173 3500 3656 3704 4163 4945 5121 5205 5258 6658 7581 7768 8585 8629 8998 9508 9949
32 174 898 1605 1793 1852 2376 2777 2984 3116 3581 4270 4274 4551 4675 4787 4866 5677 5881 6115 6121 7395 7418 7753 7913 7934 7971 7974 7995 8276 9401 9503 9562
23 200 489 640 724 1004 1587 2033 3217 4467 5011 5407 5459 5967 6353 6464 6605 6987 7403 8306 9102 9119 9222 9338
24 160 225 361 838 1148 1398 2012 2490 2493 2914 3022 3040 3154 3361 3670 4371 5438 6985 7131 8303 8950 9128 9264 9658
31 117 120 141 246 1025 1118 1283 1426 1646 2193 2485 2708 2715 2718 4172 4516 4707 4930 5163 5609 5803 6112 6616 7299 7728 8785 8843 9025 9354 9373 9950
27 202 571 1279 2185 2798 3219 3814 3828 4118 5261 5736 6571 6721 7039 7506 7852 8104 8172 8323 8446 8845 8994 9125 9174 9322 9361 9725
25 191 658 1542 1808 2270 3142 3881 4137 4318 4650 5265 5860 6157 6416 6988 7115 7155 7206 7223 7304 7321 7688 8294 8701 9092
25 639 755 978 1147 2003 2348 3118 3262 3624 3885 4692 5177 5649 6010 6279 6481 6549 6587 7614 7691 8934 9436 9475 9766 9941
30 566 840 1187 1673 1756 2245 2810 3509 3764 3797 3862 3969 4132 4193 4252 4584 5549 5682 6471 6771 7367 7415 7509 7618 7737 8277 8608 9437 9715 9812
25 387 493 666 848 1018 1244 1979 3150 3780 3904 4020 4086 4160 4407 4477 5559 5570 6668 7577 7701 8068 8244 8593 9408 9443
27 3 74 273 462 1123 1431 1809 2612 2645 2658 2783 3114 3726 4303 4356 4599 4824 5947 6234 6477 6565 6576 7494 7823 9592 9704 9792
24 653 740 966 1395 1404 1561 1645 1799 1936 2156 2597 2951 3124 3192 3997 4299 4369 4810 5612 6597 8280 8517 9177 9927
25 1248 1333 1555 1983 2150 2200 3051 3115 3798 3810 3882 4271 4302 4647 4696 4948 5289 5418 7193 7866 8257 8480 8673 9380 9867
27 670 686 996 1116 1186 1232 3351 3669 3941 4088 5170 5241 5385 5807 6551 6741 6846 6885 7703 8004 8033 8467 8493 8752 9213 9586 9844
23 72 1841 2115 2169 2291 2731 3086 3290 4100 4499 4589 4724 4831 5120 5950 7250 7655 7879 8319 8385 9283 9403 9466
21 1938 2175 2573 2897 3078 3591 4142 4268 4518 4652 5053 5290 5689 6318 7615 7887 8093 8213 8757 8809 9824
22 234 441 1543 1619 1668 1912 1966 2146 2775 3121 3876 4154 4628 6152 6160 6188 7325 7478 7625 7629 9419 9460
22 68 616 912 1910 2913 3287 3841 3924 3963 4290 4496 4701 4835 5366 5808 6041 6227 6847 7467 7907 8010 8271
24 91 673 1005 1170 1443 2029 2535 2676 3708 4131 4449 4485 4811 4887 5067 5568 5832 6379 7018 7147 7340 8297 8699 9126
18 274 395 603 907 2741 2982 3614 3633 3674 4529 4921 6381 7430 7532 7635 9153 9504 9626
28 689 1302 1365 2037 2356 2461 2760 3128 3175 3367 3601 3771 3967 4569 4653 4964 5923 6131 6544 7050 7172 7225 7445 8045 8601 8836 9946 9987
19 440 1128 2123 3368 3844 3955 4156 4442 4767 5176 5299 5678 6268 6348 8136 8497 8650 9410 9889
35 383 450 650 1344 1647 1755 2088 2191 2623 3332 3393 3396 3532 3557 3607 3938 4426 4482 4915 5421 5524 5857 5994 6395 6667 7038 7307 7808 8189 8413 9060 9118 9387 9442 9895
26 121 137 1506 1630 1680 2053 2414 2562 2677 3001 3053 3309 3673 4136 4311 5198 5486 6648 6913 7044 7992 8421 8738 8764 9594 9610
28 591 1572 2508 2840 3119 3187 3402 3897 4090 4139 4181 4473 5034 5632 5931 5957 6900 7142 7146 7365 7427 7440 7441 7719 7946 7956 9661 9870
27 19 392 556 915 959 989 1281 1639 2696 3471 4226 4577 4909 5030 5798 5877 5986 6055 6102 6266 6331 7398 7742 8777 8781 9231 9280
29 508 1132 1617 1773 1862 1876 2038 2456 2686 2981 3160 3427 3643 3868 3899 4183 4592 5016 5060 5164 5377 6124 6711 6863 7858 8146 8488 8721 9640
27 349 739 751 1049 1923 2078 2159 2217 2932 3035 3241 3542 3999 4108 4888 4938 5480 5727 5871 6474 7590 7743 7780 8072 8580 9459 9772
15 1440 1593 3900 5275 5556 5576 5844 5991 6127 6308 6457 8627 8928 9220 9587
22 1164 1175 1503 1528 1629 1868 2161 2590 4381 4807 4826 5112 5269 6710 6884 7076 7689 7845 9024 9530 9771 9897
21 108 794 1215 1536 2328 3684 3824 3850 4604 4611 5264 5804 6042 7893 8279 8405 8524 8700 8891 8969 9490
20 16 62 469 900 947 1575 2835 2836 2866 3398 3442 3463 3731 3786 5069 6051 6804 8850 9306 9450
32 970 1337 1556 1710 1758 2174 2215 2462 2869 2886 2938 3489 3800 3981 4699 4838 4880 5512 5621 5905 6077 6089 6504 6859 6888 7392 8219 8230 8675 8734 8744 9347
28 525 549 646 1984 2198 2203 3057 3710 3792 3795 3931 4291 4389 5579 6045 6518 6812 6930 7844 8674 8717 9147 9417 9428 9482 9575 9685 9809
